labmda = 1;

// Initial theta

cost =  0.69315
grad =
   8.4746e-03
   1.8788e-02
   7.7771e-05
   5.0345e-02
   1.1501e-02
   3.7665e-02
   1.8356e-02
   7.3239e-03
   8.1924e-03
   2.3476e-02
   3.9349e-02
   2.2392e-03
   1.2860e-02
   3.0959e-03
   3.9303e-02
   1.9971e-02
   4.3298e-03
   3.3864e-03
   5.8382e-03
   4.4763e-03
   3.1008e-02
   3.1031e-02
   1.0974e-03
   6.3157e-03
   4.0850e-04
   7.2650e-03
   1.3765e-03
   3.8794e-02

// After computing

J =  0.52900
theta =
   1.273005
   0.624876
   1.177376
  -2.020142
  -0.912616
  -1.429907
   0.125668
  -0.368551
  -0.360033
  -0.171068
  -1.460894
  -0.052499
  -0.618889
  -0.273745
  -1.192301
  -0.240993
  -0.207934
  -0.047224
  -0.278327
  -0.296602
  -0.453957
  -1.045511
   0.026463
  -0.294330
   0.014381
  -0.328703
  -0.143796
  -0.924883